 0.000	   0.000	       0
 0.020	   0.000	       0
 0.040	   0.000	       0
 0.060	   0.000	       0
 0.080	   0.000	       0
 0.100	   0.000	       0
 0.120	   0.000	       0
 0.140	   0.000	       0
 0.160	   0.000	       0
 0.180	   0.000	       0
 0.200	   0.000	       0
 0.220	   0.000	       0
 0.240	   0.000	       0
 0.260	   0.000	       0
 0.280	   0.000	       0
 0.300	   0.000	       0
 0.320	   0.000	       0
 0.340	   0.000	       0
 0.360	   0.000	       0
 0.380	   0.000	       0
 0.400	   0.000	       0
 0.420	   0.000	       0
 0.440	   0.000	       0
 0.460	   0.000	       0
 0.480	   0.261	      11
 0.500	   0.213	       9
 0.520	   0.119	       5
 0.540	   0.332	      14
 0.560	   0.308	      13
 0.580	   0.403	      17
 0.600	   0.261	      11
 0.620	   0.261	      11
 0.640	   0.308	      13
 0.660	   0.569	      24
 0.680	   0.119	       5
 0.700	   0.190	       8
 0.720	   0.237	      10
 0.740	   0.284	      12
 0.760	   0.142	       6
 0.780	   0.119	       5
 0.800	   0.261	      11
 0.820	   0.332	      14
 0.840	   0.308	      13
 0.860	   0.213	       9
 0.880	   0.213	       9
 0.900	   0.403	      17
 0.920	   0.356	      15
 0.940	   0.332	      14
 0.960	   0.284	      12
 0.980	   0.498	      21
 1.000	   0.403	      17
 1.011	   0.545	      23
 1.031	   0.237	      10
 1.051	   0.284	      12
 1.071	   0.545	      23
 1.091	   0.450	      19
 1.111	   0.593	      25
 1.131	   0.735	      31
 1.151	   0.545	      23
 1.171	   0.806	      34
 1.191	   0.616	      26
 1.211	   0.924	      39
 1.231	   0.806	      34
 1.251	   0.664	      28
 1.271	   0.735	      31
 1.291	   0.664	      28
 1.311	   0.830	      35
 1.331	   0.782	      33
 1.351	   1.090	      46
 1.371	   0.948	      40
 1.391	   1.161	      49
 1.411	   1.090	      46
 1.431	   1.043	      44
 1.451	   1.114	      47
 1.471	   1.470	      62
 1.491	   1.327	      56
 1.511	   1.161	      49
 1.531	   1.541	      65
 1.551	   1.635	      69
 1.571	   1.635	      69
 1.591	   1.707	      72
 1.611	   1.801	      76
 1.631	   1.659	      70
 1.651	   1.612	      68
 1.671	   1.635	      69
 1.691	   1.872	      79
 1.711	   1.778	      75
 1.731	   1.920	      81
 1.751	   1.683	      71
 1.771	   1.754	      74
 1.791	   1.967	      83
 1.811	   1.896	      80
 1.831	   2.512	     106
 1.851	   1.730	      73
 1.871	   2.394	     101
 1.891	   2.489	     105
 1.911	   2.489	     105
 1.931	   2.062	      87
 1.951	   2.370	     100
 1.971	   2.370	     100
 1.991	   2.299	      97
 2.011	   2.062	      87
 2.031	   2.394	     101
 2.051	   2.015	      85
 2.071	   2.133	      90
 2.091	   2.133	      90
 2.111	   2.252	      95
 2.131	   2.370	     100
 2.151	   2.181	      92
 2.171	   2.465	     104
 2.191	   2.821	     119
 2.211	   2.370	     100
 2.231	   2.441	     103
 2.251	   2.062	      87
 2.271	   2.536	     107
 2.291	   2.773	     117
 2.311	   2.181	      92
 2.331	   2.157	      91
 2.351	   2.015	      85
 2.371	   1.659	      70
 2.391	   2.323	      98
 2.411	   2.275	      96
 2.431	   2.252	      95
 2.451	   2.252	      95
 2.471	   2.299	      97
 2.492	   2.133	      90
 2.512	   2.204	      93
 2.532	   1.730	      73
 2.552	   2.299	      97
 2.572	   2.038	      86
 2.592	   1.944	      82
 2.612	   2.181	      92
 2.632	   1.564	      66
 2.652	   2.347	      99
 2.672	   2.062	      87
 2.692	   2.749	     116
 2.712	   2.038	      86
 2.732	   2.299	      97
 2.752	   2.252	      95
 2.772	   3.105	     131
 2.792	   2.560	     108
 2.812	   3.081	     130
 2.832	   3.058	     129
 2.852	   3.579	     151
 2.872	   3.911	     165
 2.892	   4.503	     190
 2.912	   4.456	     188
 2.932	   4.646	     196
 2.952	   5.380	     227
 2.972	   5.428	     229
 2.992	   5.783	     244
 3.012	   5.072	     214
 3.032	   5.404	     228
 3.052	   4.764	     201
 3.072	   5.499	     232
 3.092	   5.357	     226
 3.112	   5.286	     223
 3.132	   4.740	     200
 3.152	   5.001	     211
 3.172	   5.167	     218
 3.192	   3.911	     165
 3.212	   4.859	     205
 3.232	   4.172	     176
 3.252	   3.437	     145
 3.272	   3.295	     139
 3.292	   3.745	     158
 3.312	   3.200	     135
 3.332	   3.413	     144
 3.352	   3.295	     139
 3.372	   3.532	     149
 3.392	   3.081	     130
 3.412	   2.631	     111
 3.432	   3.532	     149
 3.452	   3.129	     132
 3.472	   3.508	     148
 3.492	   3.935	     166
 3.512	   4.219	     178
 3.532	   4.551	     192
 3.552	   5.191	     219
 3.572	   5.333	     225
 3.592	   6.186	     261
 3.612	   5.997	     253
 3.632	   7.253	     306
 3.652	   8.462	     357
 3.672	   7.845	     331
 3.692	   7.822	     330
 3.712	   7.585	     320
 3.732	   7.443	     314
 3.752	   7.040	     297
 3.772	   5.783	     244
 3.792	   5.641	     238
 3.812	   5.025	     212
 3.832	   4.409	     186
 3.852	   4.006	     169
 3.872	   2.844	     120
 3.892	   3.247	     137
 3.912	   2.773	     117
 3.932	   2.607	     110
 3.952	   2.489	     105
 3.972	   2.512	     106
 3.992	   2.489	     105
 4.012	   2.418	     102
 4.032	   1.849	      78
 4.052	   2.157	      91
 4.072	   1.991	      84
 4.092	   1.872	      79
 4.112	   1.967	      83
 4.132	   1.327	      56
 4.152	   1.161	      49
 4.172	   1.398	      59
 4.192	   1.138	      48
 4.212	   1.138	      48
 4.232	   1.019	      43
 4.252	   0.901	      38
 4.272	   0.901	      38
 4.292	   0.616	      26
 4.312	   0.901	      38
 4.332	   0.901	      38
 4.352	   0.924	      39
 4.372	   0.995	      42
 4.392	   0.972	      41
 4.412	   0.735	      31
 4.432	   1.114	      47
 4.452	   0.901	      38
 4.472	   0.782	      33
 4.492	   0.972	      41
 4.512	   0.640	      27
 4.532	   1.114	      47
 4.552	   0.616	      26
 4.572	   0.640	      27
 4.592	   0.664	      28
 4.612	   0.545	      23
 4.632	   0.474	      20
 4.652	   0.735	      31
 4.672	   0.806	      34
 4.692	   0.806	      34
 4.712	   0.569	      24
 4.732	   0.687	      29
 4.752	   0.545	      23
 4.772	   0.569	      24
 4.792	   0.782	      33
 4.812	   0.569	      24
 4.832	   0.593	      25
 4.852	   0.782	      33
 4.872	   0.569	      24
 4.892	   0.474	      20
 4.912	   0.640	      27
 4.932	   0.640	      27
 4.952	   0.735	      31
 4.972	   0.521	      22
 4.992	   1.067	      45
 5.012	   0.450	      19
 5.032	   0.521	      22
 5.052	   0.593	      25
 5.072	   0.450	      19
 5.092	   0.474	      20
 5.112	   0.545	      23
 5.132	   0.474	      20
 5.152	   0.284	      12
 5.172	   0.427	      18
 5.192	   0.332	      14
 5.212	   0.308	      13
 5.232	   0.332	      14
 5.252	   0.474	      20
 5.273	   0.284	      12
 5.293	   0.237	      10
 5.313	   0.284	      12
 5.333	   0.379	      16
 5.353	   0.474	      20
 5.373	   0.498	      21
 5.393	   0.332	      14
 5.413	   0.427	      18
 5.433	   0.450	      19
 5.453	   0.308	      13
 5.473	   0.593	      25
 5.493	   0.261	      11
 5.513	   0.190	       8
 5.533	   0.521	      22
 5.553	   0.284	      12
 5.573	   0.403	      17
 5.593	   0.332	      14
 5.613	   0.356	      15
 5.633	   0.261	      11
 5.653	   0.332	      14
 5.673	   0.379	      16
 5.693	   0.545	      23
 5.713	   0.308	      13
 5.733	   0.450	      19
 5.753	   0.403	      17
 5.773	   0.261	      11
 5.793	   0.308	      13
 5.813	   0.450	      19
 5.833	   0.308	      13
 5.853	   0.332	      14
 5.873	   0.379	      16
 5.893	   0.261	      11
 5.913	   0.427	      18
 5.933	   0.403	      17
 5.953	   0.237	      10
 5.973	   0.213	       9
 5.993	   0.403	      17
 6.013	   0.190	       8
 6.033	   0.498	      21
 6.053	   0.356	      15
 6.073	   0.308	      13
 6.093	   0.356	      15
 6.113	   0.261	      11
 6.133	   0.450	      19
 6.153	   0.474	      20
 6.173	   0.569	      24
 6.193	   0.758	      32
 6.213	   0.806	      34
 6.233	   1.256	      53
 6.253	   1.541	      65
 6.273	   1.161	      49
 6.293	   2.062	      87
 6.313	   1.730	      73
 6.333	   2.204	      93
 6.353	   2.465	     104
 6.373	   2.536	     107
 6.393	   3.247	     137
 6.413	   2.418	     102
 6.433	   2.038	      86
 6.453	   2.228	      94
 6.473	   2.038	      86
 6.493	   1.991	      84
 6.513	   1.612	      68
 6.533	   1.233	      52
 6.553	   1.138	      48
 6.573	   0.853	      36
 6.593	   0.616	      26
 6.613	   0.474	      20
 6.633	   0.427	      18
 6.653	   0.356	      15
 6.673	   0.356	      15
 6.693	   0.261	      11
 6.713	   0.284	      12
 6.733	   0.284	      12
 6.753	   0.308	      13
 6.773	   0.119	       5
 6.793	   0.356	      15
 6.813	   0.237	      10
 6.833	   0.284	      12
 6.853	   0.356	      15
 6.873	   0.569	      24
 6.893	   0.190	       8
 6.913	   0.545	      23
 6.933	   0.332	      14
 6.953	   0.616	      26
 6.973	   0.569	      24
 6.993	   0.569	      24
 7.013	   0.640	      27
 7.033	   0.569	      24
 7.053	   0.758	      32
 7.073	   0.782	      33
 7.093	   0.711	      30
 7.113	   0.545	      23
 7.133	   0.830	      35
 7.153	   0.498	      21
 7.173	   0.664	      28
 7.193	   0.450	      19
 7.213	   0.450	      19
 7.233	   0.569	      24
 7.253	   0.521	      22
 7.273	   0.403	      17
 7.293	   0.521	      22
 7.313	   0.379	      16
 7.333	   0.545	      23
 7.353	   0.545	      23
 7.373	   0.569	      24
 7.393	   0.498	      21
 7.413	   0.640	      27
 7.433	   0.450	      19
 7.453	   0.545	      23
 7.473	   0.711	      30
 7.493	   0.521	      22
 7.513	   0.545	      23
 7.533	   0.569	      24
 7.553	   0.711	      30
 7.573	   0.498	      21
 7.593	   0.521	      22
 7.613	   0.640	      27
 7.633	   0.569	      24
 7.653	   0.498	      21
 7.673	   0.498	      21
 7.693	   0.593	      25
 7.713	   0.664	      28
 7.733	   0.498	      21
 7.753	   0.545	      23
 7.773	   0.569	      24
 7.793	   0.711	      30
 7.813	   0.853	      36
 7.833	   0.877	      37
 7.853	   0.545	      23
 7.873	   0.687	      29
 7.893	   0.687	      29
 7.913	   0.687	      29
 7.933	   0.948	      40
 7.953	   0.901	      38
 7.973	   1.043	      44
 7.993	   0.664	      28
 8.013	   0.735	      31
 8.034	   0.830	      35
 8.054	   0.924	      39
 8.074	   0.687	      29
 8.094	   0.830	      35
 8.114	   0.995	      42
 8.134	   0.972	      41
 8.154	   0.593	      25
 8.174	   0.901	      38
 8.194	   0.806	      34
 8.214	   0.830	      35
 8.234	   0.972	      41
 8.254	   0.498	      21
 8.274	   0.664	      28
 8.294	   0.664	      28
 8.314	   0.450	      19
 8.334	   0.474	      20
 8.354	   0.498	      21
 8.374	   0.450	      19
 8.394	   0.593	      25
 8.414	   0.356	      15
 8.434	   0.237	      10
 8.454	   0.284	      12
 8.474	   0.427	      18
 8.494	   0.119	       5
 8.514	   0.261	      11
 8.534	   0.261	      11
 8.554	   0.237	      10
 8.574	   0.261	      11
 8.594	   0.213	       9
 8.614	   0.284	      12
 8.634	   0.213	       9
 8.654	   0.119	       5
 8.674	   0.142	       6
 8.694	   0.142	       6
 8.714	   0.213	       9
 8.734	   0.166	       7
 8.754	   0.213	       9
 8.774	   0.142	       6
 8.794	   0.356	      15
 8.814	   0.190	       8
 8.834	   0.166	       7
 8.854	   0.166	       7
 8.874	   0.190	       8
 8.894	   0.190	       8
 8.914	   0.261	      11
 8.934	   0.142	       6
 8.954	   0.166	       7
 8.974	   0.190	       8
 8.994	   0.095	       4
 9.014	   0.071	       3
 9.034	   0.261	      11
 9.054	   0.261	      11
 9.074	   0.119	       5
 9.094	   0.237	      10
 9.114	   0.213	       9
 9.134	   0.308	      13
 9.154	   0.119	       5
 9.174	   0.166	       7
 9.194	   0.332	      14
 9.214	   0.237	      10
 9.234	   0.190	       8
 9.254	   0.284	      12
 9.274	   0.284	      12
 9.294	   0.190	       8
 9.314	   0.213	       9
 9.334	   0.119	       5
 9.354	   0.284	      12
 9.374	   0.332	      14
 9.394	   0.071	       3
 9.414	   0.237	      10
 9.434	   0.261	      11
 9.454	   0.237	      10
 9.474	   0.213	       9
 9.494	   0.190	       8
 9.514	   0.237	      10
 9.534	   0.095	       4
 9.554	   0.261	      11
 9.574	   0.190	       8
 9.594	   0.213	       9
 9.614	   0.190	       8
 9.634	   0.166	       7
 9.654	   0.190	       8
 9.674	   0.142	       6
 9.694	   0.213	       9
 9.714	   0.142	       6
 9.734	   0.213	       9
 9.754	   0.166	       7
 9.774	   0.095	       4
 9.794	   0.237	      10
 9.814	   0.119	       5
 9.834	   0.261	      11
 9.854	   0.356	      15
 9.874	   0.166	       7
 9.894	   0.142	       6
 9.914	   0.166	       7
 9.934	   0.237	      10
 9.954	   0.095	       4
 9.974	   0.095	       4
 9.994	   0.095	       4
10.014	   0.166	       7
10.034	   0.142	       6
10.054	   0.119	       5
10.074	   0.024	       1
10.094	   0.119	       5
10.114	   0.284	      12
10.134	   0.213	       9
10.154	   0.047	       2
10.174	   0.166	       7
10.194	   0.213	       9
10.214	   0.047	       2
10.234	   0.095	       4
10.254	   0.142	       6
10.274	   0.356	      15
10.294	   0.142	       6
10.314	   0.166	       7
10.334	   0.166	       7
10.354	   0.142	       6
10.374	   0.166	       7
10.394	   0.166	       7
10.414	   0.332	      14
10.434	   0.308	      13
10.454	   0.213	       9
10.474	   0.237	      10
10.494	   0.142	       6
10.514	   0.142	       6
10.534	   0.356	      15
10.554	   0.237	      10
10.574	   0.261	      11
10.594	   0.332	      14
10.614	   0.237	      10
10.634	   0.379	      16
10.654	   0.213	       9
10.674	   0.119	       5
10.694	   0.166	       7
10.714	   0.284	      12
10.734	   0.142	       6
10.754	   0.166	       7
10.774	   0.142	       6
10.794	   0.071	       3
10.815	   0.119	       5
10.835	   0.213	       9
10.855	   0.213	       9
10.875	   0.190	       8
10.895	   0.190	       8
10.915	   0.308	      13
10.935	   0.237	      10
10.955	   0.095	       4
10.975	   0.142	       6
10.995	   0.142	       6
11.015	   0.190	       8
11.035	   0.142	       6
11.055	   0.142	       6
11.075	   0.119	       5
11.095	   0.237	      10
11.115	   0.119	       5
11.135	   0.190	       8
11.155	   0.190	       8
11.175	   0.119	       5
11.195	   0.142	       6
11.215	   0.261	      11
11.235	   0.190	       8
11.255	   0.142	       6
11.275	   0.190	       8
11.295	   0.142	       6
11.315	   0.119	       5
11.335	   0.190	       8
11.355	   0.095	       4
11.375	   0.190	       8
11.395	   0.166	       7
11.415	   0.166	       7
11.435	   0.142	       6
11.455	   0.213	       9
11.475	   0.166	       7
11.495	   0.095	       4
11.515	   0.119	       5
11.535	   0.261	      11
11.555	   0.308	      13
11.575	   0.166	       7
11.595	   0.142	       6
11.615	   0.284	      12
11.635	   0.142	       6
11.655	   0.261	      11
11.675	   0.190	       8
11.695	   0.119	       5
11.715	   0.095	       4
11.735	   0.142	       6
11.755	   0.142	       6
11.775	   0.119	       5
11.795	   0.119	       5
11.815	   0.142	       6
11.835	   0.166	       7
11.855	   0.071	       3
11.875	   0.166	       7
11.895	   0.166	       7
11.915	   0.166	       7
11.935	   0.213	       9
11.955	   0.142	       6
11.975	   0.119	       5
11.995	   0.142	       6
12.015	   0.095	       4
12.035	   0.166	       7
12.055	   0.213	       9
12.075	   0.095	       4
12.095	   0.119	       5
12.115	   0.119	       5
12.135	   0.190	       8
12.155	   0.166	       7
12.175	   0.119	       5
12.195	   0.213	       9
12.215	   0.213	       9
12.235	   0.213	       9
12.255	   0.095	       4
12.275	   0.190	       8
12.295	   0.237	      10
12.315	   0.308	      13
12.335	   0.142	       6
12.355	   0.119	       5
12.375	   0.166	       7
12.395	   0.095	       4
12.415	   0.213	       9
12.435	   0.284	      12
12.455	   0.237	      10
12.475	   0.308	      13
12.495	   0.213	       9
12.515	   0.308	      13
12.535	   0.166	       7
12.555	   0.284	      12
12.575	   0.213	       9
12.595	   0.166	       7
12.615	   0.213	       9
12.635	   0.284	      12
12.655	   0.332	      14
12.675	   0.119	       5
12.695	   0.166	       7
12.715	   0.119	       5
12.735	   0.308	      13
12.755	   0.284	      12
12.775	   0.237	      10
12.795	   0.261	      11
12.815	   0.213	       9
12.835	   0.284	      12
12.855	   0.166	       7
12.875	   0.142	       6
12.895	   0.403	      17
12.915	   0.213	       9
12.935	   0.308	      13
12.955	   0.261	      11
12.975	   0.190	       8
12.995	   0.237	      10
13.015	   0.403	      17
13.035	   0.356	      15
13.055	   0.379	      16
13.075	   0.308	      13
13.095	   0.308	      13
13.115	   0.261	      11
13.135	   0.427	      18
13.155	   0.403	      17
13.175	   0.521	      22
13.195	   0.308	      13
13.215	   0.498	      21
13.235	   0.616	      26
13.255	   0.521	      22
13.275	   0.758	      32
13.295	   0.782	      33
13.315	   0.972	      41
13.335	   0.972	      41
13.355	   1.138	      48
13.375	   1.090	      46
13.395	   1.067	      45
13.415	   0.877	      37
13.435	   0.972	      41
13.455	   0.948	      40
13.475	   0.782	      33
13.495	   0.877	      37
13.515	   0.711	      30
13.535	   0.664	      28
13.555	   0.735	      31
13.575	   0.545	      23
13.596	   0.521	      22
13.616	   0.593	      25
13.636	   0.664	      28
13.656	   0.284	      12
13.676	   0.474	      20
13.696	   0.474	      20
13.716	   0.498	      21
13.736	   0.782	      33
13.756	   0.569	      24
13.776	   0.711	      30
13.796	   0.521	      22
13.816	   1.114	      47
13.836	   1.138	      48
13.856	   1.398	      59
13.876	   1.944	      82
13.896	   2.275	      96
13.916	   3.034	     128
13.936	   3.650	     154
13.956	   4.503	     190
13.976	   5.309	     224
13.996	   6.566	     277
14.016	   8.082	     341
14.036	   9.102	     384
14.056	   9.481	     400
14.076	  10.761	     454
14.096	  11.116	     469
14.116	  11.733	     495
14.136	  12.633	     533
14.156	  11.993	     506
14.176	  11.306	     477
14.196	  11.519	     486
14.216	  10.524	     444
14.236	  10.287	     434
14.256	   9.362	     395
14.276	   8.248	     348
14.296	   6.874	     290
14.316	   5.831	     246
14.336	   4.669	     197
14.356	   3.816	     161
14.376	   3.129	     132
14.396	   2.465	     104
14.416	   2.465	     104
14.436	   1.493	      63
14.456	   1.114	      47
14.476	   1.422	      60
14.496	   0.924	      39
14.516	   0.853	      36
14.536	   0.498	      21
14.556	   0.450	      19
14.576	   0.545	      23
14.596	   0.521	      22
14.616	   0.640	      27
14.636	   0.593	      25
14.656	   0.521	      22
14.676	   0.616	      26
14.696	   0.521	      22
14.716	   0.711	      30
14.736	   0.640	      27
14.756	   0.498	      21
14.776	   0.569	      24
14.796	   0.782	      33
14.816	   0.640	      27
14.836	   0.474	      20
14.856	   0.782	      33
14.876	   0.758	      32
14.896	   1.067	      45
14.916	   0.924	      39
14.936	   1.067	      45
14.956	   1.090	      46
14.976	   0.853	      36
14.996	   1.161	      49
15.016	   0.782	      33
15.036	   0.877	      37
15.056	   0.853	      36
15.076	   0.711	      30
15.096	   0.687	      29
15.116	   0.853	      36
15.136	   0.948	      40
15.156	   0.664	      28
15.176	   0.806	      34
15.196	   0.782	      33
15.216	   0.782	      33
15.236	   0.853	      36
15.256	   0.806	      34
15.276	   0.877	      37
15.296	   0.687	      29
15.316	   0.877	      37
15.336	   0.877	      37
15.356	   0.972	      41
15.376	   0.640	      27
15.396	   1.233	      52
15.416	   1.256	      53
15.436	   1.209	      51
15.456	   1.659	      70
15.476	   1.944	      82
15.496	   2.394	     101
15.516	   3.129	     132
15.536	   3.555	     150
15.556	   4.290	     181
15.576	   4.480	     189
15.596	   5.452	     230
15.616	   5.902	     249
15.636	   7.514	     317
15.656	   7.703	     325
15.676	   9.410	     397
15.696	   9.505	     401
15.716	  10.097	     426
15.736	   9.789	     413
15.756	  10.050	     424
15.776	  10.785	     455
15.796	  11.306	     477
15.816	   9.552	     403
15.836	   9.339	     394
15.856	   9.434	     398
15.876	   8.106	     342
15.896	   6.803	     287
15.916	   6.376	     269
15.936	   5.760	     243
15.956	   5.072	     214
15.976	   4.906	     207
15.996	   4.148	     175
16.016	   3.413	     144
16.036	   3.318	     140
16.056	   2.678	     113
16.076	   2.489	     105
16.096	   1.849	      78
16.116	   2.015	      85
16.136	   2.038	      86
16.156	   1.683	      71
16.176	   1.920	      81
16.196	   1.422	      60
16.216	   1.541	      65
16.236	   1.470	      62
16.256	   1.019	      43
16.276	   1.351	      57
16.296	   1.280	      54
16.316	   1.422	      60
16.336	   1.138	      48
16.356	   1.541	      65
16.377	   1.872	      79
16.397	   1.517	      64
16.417	   1.612	      68
16.437	   1.470	      62
16.457	   1.588	      67
16.477	   1.446	      61
16.497	   1.849	      78
16.517	   1.304	      55
16.537	   1.967	      83
16.557	   1.683	      71
16.577	   1.825	      77
16.597	   1.801	      76
16.617	   1.944	      82
16.637	   1.920	      81
16.657	   1.517	      64
16.677	   1.683	      71
16.697	   1.730	      73
16.717	   1.849	      78
16.737	   2.086	      88
16.757	   2.062	      87
16.777	   1.778	      75
16.797	   1.896	      80
16.817	   1.991	      84
16.837	   2.015	      85
16.857	   2.062	      87
16.877	   2.204	      93
16.897	   2.394	     101
16.917	   2.394	     101
16.937	   2.370	     100
16.957	   2.797	     118
16.977	   3.105	     131
16.997	   2.868	     121
17.017	   3.461	     146
17.037	   3.389	     143
17.057	   3.034	     128
17.077	   4.100	     173
17.097	   4.598	     194
17.117	   5.854	     247
17.137	   7.134	     301
17.157	   8.201	     346
17.177	  10.737	     453
17.197	  12.325	     520
17.217	  15.027	     634
17.237	  16.592	     700
17.257	  20.431	     862
17.277	  23.679	     999
17.297	  27.589	    1164
17.317	  30.552	    1289
17.337	  34.321	    1448
17.357	  36.881	    1556
17.377	  41.929	    1769
17.397	  42.949	    1812
17.417	  44.300	    1869
17.437	  46.741	    1972
17.457	  46.575	    1965
17.477	  46.409	    1958
17.497	  44.916	    1895
17.517	  42.332	    1786
17.537	  41.147	    1736
17.557	  35.862	    1513
17.577	  33.776	    1425
17.597	  30.671	    1294
17.617	  26.878	    1134
17.637	  22.375	     944
17.657	  20.123	     849
17.677	  18.085	     763
17.697	  15.027	     634
17.717	  12.681	     535
17.737	  12.136	     512
17.757	   9.173	     387
17.777	   8.888	     375
17.797	   7.680	     324
17.817	   6.684	     282
17.837	   6.186	     261
17.857	   5.286	     223
17.877	   5.973	     252
17.897	   5.736	     242
17.917	   5.926	     250
17.937	   5.143	     217
17.957	   5.120	     216
17.977	   5.096	     215
17.997	   5.689	     240
18.017	   5.428	     229
18.037	   5.286	     223
18.057	   6.447	     272
18.077	   5.357	     226
18.097	   5.617	     237
18.117	   6.447	     272
18.137	   5.878	     248
18.157	   6.257	     264
18.177	   6.826	     288
18.197	   6.779	     286
18.217	   7.229	     305
18.237	   7.585	     320
18.257	   8.154	     344
18.277	   6.826	     288
18.297	   7.822	     330
18.317	   8.154	     344
18.337	   8.580	     362
18.357	   9.054	     382
18.377	   9.457	     399
18.397	   9.173	     387
18.417	   9.362	     395
18.437	  10.761	     454
18.457	  10.073	     425
18.477	  11.330	     478
18.497	  11.780	     497
18.517	  13.250	     559
18.537	  13.487	     569
18.557	  14.672	     619
18.577	  14.292	     603
18.597	  14.956	     631
18.617	  16.521	     697
18.637	  18.180	     767
18.657	  17.706	     747
18.677	  17.753	     749
18.697	  20.550	     867
18.717	  21.142	     892
18.737	  23.607	     996
18.757	  21.119	     891
18.777	  24.532	    1035
18.797	  23.963	    1011
18.817	  26.310	    1110
18.837	  26.594	    1122
18.857	  26.973	    1138
18.877	  27.826	    1174
18.897	  27.258	    1150
18.917	  29.699	    1253
18.937	  28.917	    1220
18.957	  27.969	    1180
18.977	  29.367	    1239
18.997	  29.106	    1228
19.017	  29.083	    1227
19.037	  28.087	    1185
19.057	  28.419	    1199
19.077	  28.324	    1195
19.097	  28.585	    1206
19.117	  26.096	    1101
19.137	  26.570	    1121
19.158	  25.930	    1094
19.178	  24.793	    1046
19.198	  25.124	    1060
19.218	  22.565	     952
19.238	  21.616	     912
19.258	  20.668	     872
19.278	  21.356	     901
19.298	  19.270	     813
19.318	  18.796	     793
19.338	  18.464	     779
19.358	  18.322	     773
19.378	  18.488	     780
19.398	  17.492	     738
19.418	  16.283	     687
19.438	  17.350	     732
19.458	  16.070	     678
19.478	  17.421	     735
19.498	  17.160	     724
19.518	  17.990	     759
19.538	  17.990	     759
19.558	  17.137	     723
19.578	  17.113	     722
19.598	  17.658	     745
19.618	  17.089	     721
19.638	  17.208	     726
19.658	  16.212	     684
19.678	  15.359	     648
19.698	  14.364	     606
19.718	  14.340	     605
19.738	  12.823	     541
19.758	  12.112	     511
19.778	  12.776	     539
19.798	  11.022	     465
19.818	  11.093	     468
19.838	  12.041	     508
19.858	  11.519	     486
19.878	  11.756	     496
19.898	  11.448	     483
19.918	  11.140	     470
19.938	  12.278	     518
19.958	  13.581	     573
19.978	  14.387	     607
19.998	  14.980	     632
20.018	  14.980	     632
20.038	  15.241	     643
20.058	  16.094	     679
20.078	  17.255	     728
20.098	  17.374	     733
20.118	  17.232	     727
20.138	  19.294	     814
20.158	  20.431	     862
20.178	  19.412	     819
20.198	  19.317	     815
20.218	  18.654	     787
20.238	  19.388	     818
20.258	  18.677	     788
20.278	  16.923	     714
20.298	  16.473	     695
20.318	  16.449	     694
20.338	  13.605	     574
20.358	  14.530	     613
20.378	  12.989	     548
20.398	  11.614	     490
20.418	  11.567	     488
20.438	  11.519	     486
20.458	   9.339	     394
20.478	   9.244	     390
20.498	   8.106	     342
20.518	   9.599	     405
20.538	   9.339	     394
20.558	   8.770	     370
20.578	   9.315	     393
20.598	   8.770	     370
20.618	   8.438	     356
20.638	  10.002	     422
20.658	   9.931	     419
20.678	  10.571	     446
20.698	  10.121	     427
20.718	   9.671	     408
20.738	  10.737	     453
20.758	  10.927	     461
20.778	   9.979	     421
20.798	  11.093	     468
20.818	  11.045	     466
20.838	  11.425	     482
20.858	  11.235	     474
20.878	  12.752	     538
20.898	  12.941	     546
20.918	  13.273	     560
20.938	  13.250	     559
20.958	  13.818	     583
20.978	  14.127	     596
20.998	  14.245	     601
21.018	  14.648	     618
21.038	  15.264	     644
21.058	  15.193	     641
21.078	  16.212	     684
21.098	  15.857	     669
21.118	  15.549	     656
21.138	  14.861	     627
21.158	  17.753	     749
21.178	  16.141	     681
21.198	  16.852	     711
21.218	  16.615	     701
21.238	  18.511	     781
21.258	  17.303	     730
21.278	  16.995	     717
21.298	  16.378	     691
21.318	  16.141	     681
21.338	  16.852	     711
21.358	  16.236	     685
21.378	  16.923	     714
21.398	  15.406	     650
21.418	  16.900	     713
21.438	  15.833	     668
21.458	  14.601	     616
21.478	  13.463	     568
21.498	  14.411	     608
21.518	  13.629	     575
21.538	  13.747	     580
21.558	  13.131	     554
21.578	  13.795	     582
21.598	  13.155	     555
21.618	  13.202	     557
21.638	  13.344	     563
21.658	  13.273	     560
21.678	  12.989	     548
21.698	  13.344	     563
21.718	  13.605	     574
21.738	  12.562	     530
21.758	  13.984	     590
21.778	  13.890	     586
21.798	  15.193	     641
21.818	  15.359	     648
21.838	  16.426	     693
21.858	  17.350	     732
21.878	  18.749	     791
21.898	  20.740	     875
21.918	  20.811	     878
21.939	  22.162	     935
21.959	  23.868	    1007
21.979	  25.551	    1078
21.999	  25.836	    1090
22.019	  27.044	    1141
22.039	  27.732	    1170
22.059	  29.675	    1252
22.079	  29.841	    1259
22.099	  30.102	    1270
22.119	  29.486	    1244
22.139	  30.932	    1305
22.159	  30.694	    1295
22.179	  30.837	    1301
22.199	  25.836	    1090
22.219	  26.310	    1110
22.239	  23.750	    1002
22.259	  23.039	     972
22.279	  22.185	     936
22.299	  21.024	     887
22.319	  17.563	     741
22.339	  17.184	     725
22.359	  15.620	     659
22.379	  14.127	     596
22.399	  13.202	     557
22.419	  12.017	     507
22.439	  11.330	     478
22.459	   9.765	     412
22.479	   9.813	     414
22.499	  10.168	     429
22.519	  10.073	     425
22.539	   9.955	     420
22.559	  10.334	     436
22.579	  10.311	     435
22.599	  10.500	     443
22.619	  10.595	     447
22.639	  11.685	     493
22.659	  12.349	     521
22.679	  11.211	     473
22.699	  11.662	     492
22.719	  12.207	     515
22.739	  11.922	     503
22.759	  10.903	     460
22.779	  11.282	     476
22.799	  11.140	     470
22.819	  10.974	     463
22.839	   9.647	     407
22.859	  11.140	     470
22.879	  10.642	     449
22.899	  10.026	     423
22.919	   9.268	     391
22.939	   9.220	     389
22.959	   8.296	     350
22.979	   7.964	     336
22.999	   8.414	     355
23.019	   8.059	     340
23.039	   8.604	     363
23.059	   8.462	     357
23.079	   8.130	     343
23.099	   8.936	     377
23.119	   8.177	     345
23.139	   9.291	     392
23.159	   8.154	     344
23.179	   7.466	     315
23.199	   7.490	     316
23.219	   8.651	     365
23.239	   8.722	     368
23.259	   7.229	     305
23.279	   8.651	     365
23.299	   8.082	     341
23.319	   7.774	     328
23.339	   7.822	     330
23.359	   8.580	     362
23.379	   7.917	     334
23.399	   7.774	     328
23.419	   7.822	     330
23.439	   7.869	     332
23.459	   8.367	     353
23.479	   8.130	     343
23.499	   7.514	     317
23.519	   7.703	     325
23.539	   8.177	     345
23.559	   7.419	     313
23.579	   6.542	     276
23.599	   7.111	     300
23.619	   7.632	     322
23.639	   8.462	     357
23.659	   7.229	     305
23.679	   7.514	     317
23.699	   8.865	     374
23.719	   7.893	     333
23.739	   7.348	     310
23.759	   8.414	     355
23.779	   7.371	     311
23.799	   6.660	     281
23.819	   8.201	     346
23.839	   7.608	     321
23.859	   6.945	     293
23.879	   7.774	     328
23.899	   7.940	     335
23.919	   7.869	     332
23.939	   7.253	     306
23.959	   8.059	     340
23.979	   7.656	     323
23.999	   7.680	     324
24.019	   8.035	     339
24.039	   8.320	     351
24.059	   7.703	     325
24.079	   7.751	     327
24.099	   8.011	     338
24.119	   7.608	     321
24.139	   8.343	     352
24.159	   7.751	     327
24.179	   7.798	     329
24.199	   7.466	     315
24.219	   7.585	     320
24.239	   8.106	     342
24.259	   7.680	     324
24.279	   7.608	     321
24.299	   7.893	     333
24.319	   9.125	     385
24.339	   7.680	     324
24.359	   7.561	     319
24.379	   8.367	     353
24.399	   8.462	     357
24.419	   8.201	     346
24.439	   8.414	     355
24.459	   7.893	     333
24.479	   8.628	     364
24.499	   8.628	     364
24.519	   7.277	     307
24.539	   7.893	     333
24.559	   8.604	     363
24.579	   8.177	     345
24.599	   8.817	     372
24.619	   8.533	     360
24.639	   8.391	     354
24.659	   9.647	     407
24.679	   8.248	     348
24.700	   8.414	     355
24.720	   9.339	     394
24.740	   8.936	     377
24.760	   9.789	     413
24.780	  10.737	     453
24.800	   9.908	     418
24.820	  10.239	     432
24.840	  10.832	     457
24.860	  10.927	     461
24.880	  11.116	     469
24.900	  11.448	     483
24.920	  11.614	     490
24.940	  11.875	     501
24.960	  11.140	     470
24.980	  11.756	     496
25.000	  11.662	     492
25.020	  12.041	     508
25.040	  12.041	     508
25.060	  10.571	     446
25.080	  11.567	     488
25.100	  11.946	     504
25.120	  10.950	     462
25.140	  10.050	     424
25.160	  10.287	     434
25.180	   9.599	     405
25.200	  10.690	     451
25.220	  10.334	     436
25.240	  10.311	     435
25.260	   9.552	     403
25.280	   9.244	     390
25.300	   9.742	     411
25.320	   8.438	     356
25.340	   9.007	     380
25.360	   8.912	     376
25.380	   9.813	     414
25.400	   9.410	     397
25.420	   8.699	     367
25.440	   8.059	     340
25.460	   8.936	     377
25.480	   8.604	     363
25.500	   8.817	     372
25.520	   8.438	     356
25.540	   8.651	     365
25.560	   8.770	     370
25.580	   8.936	     377
25.600	   8.225	     347
25.620	   8.296	     350
25.640	   8.106	     342
25.660	   8.035	     339
25.680	   7.822	     330
25.700	   7.751	     327
25.720	   7.964	     336
25.740	   8.154	     344
25.760	   8.296	     350
25.780	   7.585	     320
25.800	   7.798	     329
25.820	   8.154	     344
25.840	   7.703	     325
25.860	   7.490	     316
25.880	   7.798	     329
25.900	   7.798	     329
25.920	   6.921	     292
25.940	   7.751	     327
25.960	   7.253	     306
25.980	   8.130	     343
26.000	   7.869	     332
26.020	   8.035	     339
26.040	   7.419	     313
26.060	   7.205	     304
26.080	   8.248	     348
26.100	   7.917	     334
26.120	   7.466	     315
26.140	   7.111	     300
26.160	   8.438	     356
26.180	   6.921	     292
26.200	   7.917	     334
26.220	   7.988	     337
26.240	   7.277	     307
26.260	   7.964	     336
26.280	   7.845	     331
26.300	   6.566	     277
26.320	   7.490	     316
26.340	   7.514	     317
26.360	   8.106	     342
26.380	   7.774	     328
26.400	   8.035	     339
26.420	   7.988	     337
26.440	   8.628	     364
26.460	   7.585	     320
26.480	   7.656	     323
26.500	   8.106	     342
26.520	   8.367	     353
26.540	   7.964	     336
26.560	   8.201	     346
26.580	   7.205	     304
26.600	   7.774	     328
26.620	   6.992	     295
26.640	   7.205	     304
26.660	   6.921	     292
26.680	   7.751	     327
26.700	   7.324	     309
26.720	   7.514	     317
26.740	   6.518	     275
26.760	   7.964	     336
26.780	   7.822	     330
26.800	   6.755	     285
26.820	   7.371	     311
26.840	   7.632	     322
26.860	   8.201	     346
26.880	   7.798	     329
26.900	   6.921	     292
26.920	   7.585	     320
26.940	   7.608	     321
26.960	   7.419	     313
26.980	   7.277	     307
27.000	   7.466	     315
27.020	   7.845	     331
27.040	   7.371	     311
27.060	   7.964	     336
27.080	   7.300	     308
27.100	   7.419	     313
27.120	   6.731	     284
27.140	   7.845	     331
27.160	   8.035	     339
27.180	   7.727	     326
27.200	   7.158	     302
27.220	   7.964	     336
27.240	   7.348	     310
27.260	   7.727	     326
27.280	   7.751	     327
27.300	   7.419	     313
27.320	   7.348	     310
27.340	   7.893	     333
27.360	   6.660	     281
27.380	   7.727	     326
27.400	   7.419	     313
27.420	   7.253	     306
27.440	   6.992	     295
27.460	   7.111	     300
27.481	   7.371	     311
27.501	   6.684	     282
27.521	   6.992	     295
27.541	   7.608	     321
27.561	   7.656	     323
27.581	   7.253	     306
27.601	   6.897	     291
27.621	   7.869	     332
27.641	   6.921	     292
27.661	   6.992	     295
27.681	   6.542	     276
27.701	   7.869	     332
27.721	   7.040	     297
27.741	   7.134	     301
27.761	   7.395	     312
27.781	   6.921	     292
27.801	   6.968	     294
27.821	   6.731	     284
27.841	   6.613	     279
27.861	   7.419	     313
27.881	   7.632	     322
27.901	   6.992	     295
27.921	   7.537	     318
27.941	   7.040	     297
27.961	   6.850	     289
27.981	   7.798	     329
28.001	   7.585	     320
28.021	   7.703	     325
28.041	   6.755	     285
28.061	   7.348	     310
28.081	   6.731	     284
28.101	   6.566	     277
28.121	   6.234	     263
28.141	   6.945	     293
28.161	   6.874	     290
28.181	   7.158	     302
28.201	   7.087	     299
28.221	   6.186	     261
28.241	   7.537	     318
28.261	   6.850	     289
28.281	   7.656	     323
28.301	   6.826	     288
28.321	   6.731	     284
28.341	   6.637	     280
28.361	   6.945	     293
28.381	   7.040	     297
28.401	   6.968	     294
28.421	   6.471	     273
28.441	   7.371	     311
28.461	   6.850	     289
28.481	   7.774	     328
28.501	   6.423	     271
28.521	   6.992	     295
28.541	   6.897	     291
28.561	   6.684	     282
28.581	   7.158	     302
28.601	   6.613	     279
28.621	   6.281	     265
28.641	   6.684	     282
28.661	   7.300	     308
28.681	   7.324	     309
28.701	   6.234	     263
28.721	   7.087	     299
28.741	   6.779	     286
28.761	   6.210	     262
28.781	   6.803	     287
28.801	   6.518	     275
28.821	   6.163	     260
28.841	   5.949	     251
28.861	   6.566	     277
28.881	   6.234	     263
28.901	   6.352	     268
28.921	   6.613	     279
28.941	   6.305	     266
28.961	   6.542	     276
28.981	   6.518	     275
29.001	   7.229	     305
29.021	   6.613	     279
29.041	   6.471	     273
29.061	   6.044	     255
29.081	   6.566	     277
29.101	   6.139	     259
29.121	   6.423	     271
29.141	   6.637	     280
29.161	   6.613	     279
29.181	   6.542	     276
29.201	   6.400	     270
29.221	   6.826	     288
29.241	   6.755	     285
29.261	   6.234	     263
29.281	   6.945	     293
29.301	   6.542	     276
29.321	   6.352	     268
29.341	   6.091	     257
29.361	   6.589	     278
29.381	   6.186	     261
29.401	   5.949	     251
29.421	   6.352	     268
29.441	   6.518	     275
29.461	   5.262	     222
29.481	   7.371	     311
29.501	   6.637	     280
29.521	   6.566	     277
29.541	   5.997	     253
29.561	   6.210	     262
29.581	   5.783	     244
29.601	   6.376	     269
29.621	   6.731	     284
29.641	   6.352	     268
29.661	   6.305	     266
29.681	   6.020	     254
29.701	   6.637	     280
29.721	   6.257	     264
29.741	   5.760	     243
29.761	   6.566	     277
29.781	   5.854	     247
29.801	   5.831	     246
29.821	   6.494	     274
29.841	   5.807	     245
29.861	   6.376	     269
29.881	   5.973	     252
29.901	   5.949	     251
29.921	   5.854	     247
29.941	   6.068	     256
29.961	   5.926	     250
29.981	   6.091	     257
30.001	   5.309	     224
30.021	   5.380	     227
30.041	   6.637	     280
30.061	   6.613	     279
30.081	   6.423	     271
30.101	   4.883	     206
30.121	   5.665	     239
30.141	   6.163	     260
30.161	   6.068	     256
30.181	   6.163	     260
30.201	   5.926	     250
30.221	   5.878	     248
30.241	   5.523	     233
30.262	   6.139	     259
30.282	   5.902	     249
30.302	   5.096	     215
30.322	   6.234	     263
30.342	   5.357	     226
30.362	   6.210	     262
30.382	   5.689	     240
30.402	   5.712	     241
30.422	   5.712	     241
30.442	   5.973	     252
30.462	   5.404	     228
30.482	   5.404	     228
30.502	   6.281	     265
30.522	   5.617	     237
30.542	   5.594	     236
30.562	   5.665	     239
30.582	   5.286	     223
30.602	   6.234	     263
30.622	   5.878	     248
30.642	   5.807	     245
30.662	   6.186	     261
30.682	   5.167	     218
30.702	   5.072	     214
30.722	   4.954	     209
30.742	   5.096	     215
30.762	   5.854	     247
30.782	   5.238	     221
30.802	   5.523	     233
30.822	   5.831	     246
30.842	   5.333	     225
30.862	   5.357	     226
30.882	   5.570	     235
30.902	   5.452	     230
30.922	   5.238	     221
30.942	   5.215	     220
30.962	   5.546	     234
30.982	   5.878	     248
31.002	   5.641	     238
31.022	   4.788	     202
31.042	   5.357	     226
31.062	   5.380	     227
31.082	   6.020	     254
31.102	   5.025	     212
31.122	   4.859	     205
31.142	   5.404	     228
31.162	   4.930	     208
31.182	   5.475	     231
31.202	   4.812	     203
31.222	   5.712	     241
31.242	   5.357	     226
31.262	   5.357	     226
31.282	   5.238	     221
31.302	   5.475	     231
31.322	   5.191	     219
31.342	   5.262	     222
31.362	   4.646	     196
31.382	   4.883	     206
31.402	   5.428	     229
31.422	   4.788	     202
31.442	   4.409	     186
31.462	   5.049	     213
31.482	   5.286	     223
31.502	   4.527	     191
31.522	   5.452	     230
31.542	   5.167	     218
31.562	   4.598	     194
31.582	   5.523	     233
31.602	   4.598	     194
31.622	   5.428	     229
31.642	   5.286	     223
31.662	   5.712	     241
31.682	   5.286	     223
31.702	   5.475	     231
31.722	   5.357	     226
31.742	   5.167	     218
31.762	   5.357	     226
31.782	   5.286	     223
31.802	   5.452	     230
31.822	   5.854	     247
31.842	   5.594	     236
31.862	   5.380	     227
31.882	   5.143	     217
31.902	   5.286	     223
31.922	   5.049	     213
31.942	   6.305	     266
31.962	   5.475	     231
31.982	   5.712	     241
32.002	   4.954	     209
32.022	   5.712	     241
32.042	   5.570	     235
32.062	   5.380	     227
32.082	   6.139	     259
32.102	   5.665	     239
32.122	   6.281	     265
32.142	   6.020	     254
32.162	   5.428	     229
32.182	   5.665	     239
32.202	   5.902	     249
32.222	   5.049	     213
32.242	   5.428	     229
32.262	   5.736	     242
32.282	   4.977	     210
32.302	   5.689	     240
32.322	   4.717	     199
32.342	   5.570	     235
32.362	   4.859	     205
32.382	   5.191	     219
32.402	   5.167	     218
32.422	   5.001	     211
32.442	   4.551	     192
32.462	   4.764	     201
32.482	   4.717	     199
32.502	   4.503	     190
32.522	   5.143	     217
32.542	   3.958	     167
32.562	   4.480	     189
32.582	   3.911	     165
32.602	   4.432	     187
32.622	   4.622	     195
32.642	   4.029	     170
32.662	   4.266	     180
32.682	   4.503	     190
32.702	   4.053	     171
32.722	   4.622	     195
32.742	   3.982	     168
32.762	   4.172	     176
32.782	   3.958	     167
32.802	   4.575	     193
32.822	   4.029	     170
32.842	   4.053	     171
32.862	   4.361	     184
32.882	   4.124	     174
32.902	   4.172	     176
32.922	   3.650	     154
32.942	   3.982	     168
32.962	   4.100	     173
32.982	   4.693	     198
33.002	   3.745	     158
33.022	   3.863	     163
33.043	   4.029	     170
33.063	   3.674	     155
33.083	   4.148	     175
33.103	   4.029	     170
33.123	   4.290	     181
33.143	   3.603	     152
33.163	   3.413	     144
33.183	   3.674	     155
33.203	   4.172	     176
33.223	   3.247	     137
33.243	   4.195	     177
33.263	   3.721	     157
33.283	   3.863	     163
33.303	   3.769	     159
33.323	   3.603	     152
33.343	   4.409	     186
33.363	   3.389	     143
33.383	   4.266	     180
33.403	   4.314	     182
33.423	   3.911	     165
33.443	   3.840	     162
33.463	   3.413	     144
33.483	   3.674	     155
33.503	   3.413	     144
33.523	   3.413	     144
33.543	   3.626	     153
33.563	   3.840	     162
33.583	   3.887	     164
33.603	   4.053	     171
33.623	   3.295	     139
33.643	   3.389	     143
33.663	   3.840	     162
33.683	   3.982	     168
33.703	   3.508	     148
33.723	   2.631	     111
33.743	   3.626	     153
33.763	   3.413	     144
33.783	   4.100	     173
33.803	   3.271	     138
33.823	   3.247	     137
33.843	   3.342	     141
33.863	   3.650	     154
33.883	   3.010	     127
33.903	   3.816	     161
33.923	   3.200	     135
33.943	   2.915	     123
33.963	   3.792	     160
33.983	   3.437	     145
34.003	   2.986	     126
34.023	   3.105	     131
34.043	   3.081	     130
34.063	   3.247	     137
34.083	   3.200	     135
34.103	   3.152	     133
34.123	   3.034	     128
34.143	   3.816	     161
34.163	   3.461	     146
34.183	   3.200	     135
34.203	   3.461	     146
34.223	   3.484	     147
34.243	   3.792	     160
34.263	   2.986	     126
34.283	   2.963	     125
34.303	   3.034	     128
34.323	   3.200	     135
34.343	   3.081	     130
34.363	   3.508	     148
34.383	   3.247	     137
34.403	   3.271	     138
34.423	   2.915	     123
34.443	   3.152	     133
34.463	   3.342	     141
34.483	   3.295	     139
34.503	   3.247	     137
34.523	   3.058	     129
34.543	   2.631	     111
34.563	   3.081	     130
34.583	   3.318	     140
34.603	   2.892	     122
34.623	   3.081	     130
34.643	   3.508	     148
34.663	   2.963	     125
34.683	   2.915	     123
34.703	   3.034	     128
34.723	   3.461	     146
34.743	   2.868	     121
34.763	   3.152	     133
34.783	   2.963	     125
34.803	   2.607	     110
34.823	   2.418	     102
34.843	   2.986	     126
34.863	   3.010	     127
34.883	   2.749	     116
34.903	   2.844	     120
34.923	   2.797	     118
34.943	   2.773	     117
34.963	   3.295	     139
34.983	   2.299	      97
35.003	   2.821	     119
35.023	   2.275	      96
35.043	   2.963	     125
35.063	   3.105	     131
35.083	   3.176	     134
35.103	   2.678	     113
35.123	   2.275	      96
35.143	   2.536	     107
35.163	   2.986	     126
35.183	   2.892	     122
35.203	   2.655	     112
35.223	   3.105	     131
35.243	   2.702	     114
35.263	   2.465	     104
35.283	   2.584	     109
35.303	   2.489	     105
35.323	   3.034	     128
35.343	   2.631	     111
35.363	   2.702	     114
35.383	   2.678	     113
35.403	   2.631	     111
35.423	   3.129	     132
35.443	   2.465	     104
35.463	   2.512	     106
35.483	   2.892	     122
35.503	   2.678	     113
35.523	   2.678	     113
35.543	   2.441	     103
35.563	   2.607	     110
35.583	   2.323	      98
35.603	   2.489	     105
35.623	   2.631	     111
35.643	   2.465	     104
35.663	   2.181	      92
35.683	   2.560	     108
35.703	   2.512	     106
35.723	   2.299	      97
35.743	   2.631	     111
35.763	   2.584	     109
35.783	   2.512	     106
35.803	   2.441	     103
35.824	   2.607	     110
35.844	   2.441	     103
35.864	   2.749	     116
35.884	   1.991	      84
35.904	   2.252	      95
35.924	   2.299	      97
35.944	   2.678	     113
35.964	   2.275	      96
35.984	   2.015	      85
36.004	   2.062	      87
36.024	   2.157	      91
36.044	   2.347	      99
36.064	   2.110	      89
36.084	   2.441	     103
36.104	   2.347	      99
36.124	   2.702	     114
36.144	   2.584	     109
36.164	   2.370	     100
36.184	   1.849	      78
36.204	   2.465	     104
36.224	   2.275	      96
36.244	   2.323	      98
36.264	   1.944	      82
36.284	   2.252	      95
36.304	   2.110	      89
36.324	   2.512	     106
36.344	   2.323	      98
36.364	   2.228	      94
36.384	   2.133	      90
36.404	   2.038	      86
36.424	   2.678	     113
36.444	   2.607	     110
36.464	   2.252	      95
36.484	   1.944	      82
36.504	   1.635	      69
36.524	   2.323	      98
36.544	   2.062	      87
36.564	   2.038	      86
36.584	   2.204	      93
36.604	   2.038	      86
36.624	   2.157	      91
36.644	   2.204	      93
36.664	   1.920	      81
36.684	   2.299	      97
36.704	   2.038	      86
36.724	   2.062	      87
36.744	   2.110	      89
36.764	   2.086	      88
36.784	   1.849	      78
36.804	   1.825	      77
36.824	   2.038	      86
36.844	   2.086	      88
36.864	   1.707	      72
36.884	   1.707	      72
36.904	   2.157	      91
36.924	   1.920	      81
36.944	   1.730	      73
36.964	   1.754	      74
36.984	   1.849	      78
37.004	   1.967	      83
37.024	   1.967	      83
37.044	   1.825	      77
37.064	   2.062	      87
37.084	   1.659	      70
37.104	   1.470	      62
37.124	   1.754	      74
37.144	   1.896	      80
37.164	   1.754	      74
37.184	   1.683	      71
37.204	   2.133	      90
37.224	   2.252	      95
37.244	   1.446	      61
37.264	   1.517	      64
37.284	   1.635	      69
37.304	   1.778	      75
37.324	   1.351	      57
37.344	   1.849	      78
37.364	   2.015	      85
37.384	   1.683	      71
37.404	   1.541	      65
37.424	   1.707	      72
37.444	   1.493	      63
37.464	   1.398	      59
37.484	   1.280	      54
37.504	   1.872	      79
37.524	   1.304	      55
37.544	   1.612	      68
37.564	   1.944	      82
37.584	   1.683	      71
37.604	   1.493	      63
37.624	   1.304	      55
37.644	   1.944	      82
37.664	   1.398	      59
37.684	   1.493	      63
37.704	   1.778	      75
37.724	   1.778	      75
37.744	   1.730	      73
37.764	   1.683	      71
37.784	   1.304	      55
37.804	   1.304	      55
37.824	   1.351	      57
37.844	   1.517	      64
37.864	   1.422	      60
37.884	   1.730	      73
37.904	   1.659	      70
37.924	   1.517	      64
37.944	   1.422	      60
37.964	   1.398	      59
37.984	   1.588	      67
38.004	   1.730	      73
38.024	   1.517	      64
38.044	   1.422	      60
38.064	   1.470	      62
38.084	   1.256	      53
38.104	   1.470	      62
38.124	   1.446	      61
38.144	   1.564	      66
38.164	   1.327	      56
38.184	   1.707	      72
38.204	   1.138	      48
38.224	   1.351	      57
38.244	   1.280	      54
38.264	   1.304	      55
38.284	   1.470	      62
38.304	   0.948	      40
38.324	   1.019	      43
38.344	   1.209	      51
38.364	   1.659	      70
38.384	   1.233	      52
38.404	   1.280	      54
38.424	   1.138	      48
38.444	   1.470	      62
38.464	   1.375	      58
38.484	   1.351	      57
38.504	   1.114	      47
38.524	   1.233	      52
38.544	   1.422	      60
38.564	   1.161	      49
38.584	   1.161	      49
38.605	   1.043	      44
38.625	   1.304	      55
38.645	   1.470	      62
38.665	   1.233	      52
38.685	   1.256	      53
38.705	   1.209	      51
38.725	   1.090	      46
38.745	   0.924	      39
38.765	   1.256	      53
38.785	   1.161	      49
38.805	   1.043	      44
38.825	   0.924	      39
38.845	   0.995	      42
38.865	   1.185	      50
38.885	   1.517	      64
38.905	   0.972	      41
38.925	   1.090	      46
38.945	   1.233	      52
38.965	   1.280	      54
38.985	   1.327	      56
39.005	   1.138	      48
39.025	   0.924	      39
39.045	   0.948	      40
39.065	   0.995	      42
39.085	   1.114	      47
39.105	   1.114	      47
39.125	   0.995	      42
39.145	   0.853	      36
39.165	   0.853	      36
39.185	   1.114	      47
39.205	   0.806	      34
39.225	   1.161	      49
39.245	   0.877	      37
39.265	   0.924	      39
39.285	   0.948	      40
39.305	   0.782	      33
39.325	   0.901	      38
39.345	   1.233	      52
39.365	   0.972	      41
39.385	   0.687	      29
39.405	   0.995	      42
39.425	   0.877	      37
39.445	   1.043	      44
39.465	   0.711	      30
39.485	   1.138	      48
39.505	   1.043	      44
39.525	   0.806	      34
39.545	   1.114	      47
39.565	   0.853	      36
39.585	   1.114	      47
39.605	   0.830	      35
39.625	   0.664	      28
39.645	   0.901	      38
39.665	   1.067	      45
39.685	   0.830	      35
39.705	   1.114	      47
39.725	   1.019	      43
39.745	   0.735	      31
39.765	   0.948	      40
39.785	   0.782	      33
39.805	   0.995	      42
39.825	   0.806	      34
39.845	   0.901	      38
39.865	   0.853	      36
39.885	   1.043	      44
39.905	   0.853	      36
39.925	   0.569	      24
39.945	   0.830	      35
39.965	   0.616	      26
39.985	   0.877	      37
40.005	   0.427	      18
40.025	   0.664	      28
40.045	   1.067	      45
40.065	   0.877	      37
40.085	   0.687	      29
40.105	   0.450	      19
40.125	   0.593	      25
40.145	   0.616	      26
40.165	   0.711	      30
40.185	   0.545	      23
40.205	   0.593	      25
40.225	   0.711	      30
40.245	   0.521	      22
40.265	   0.782	      33
40.285	   0.711	      30
40.305	   0.593	      25
40.325	   0.640	      27
40.345	   0.616	      26
40.365	   0.711	      30
40.385	   0.403	      17
40.405	   0.593	      25
40.425	   0.450	      19
40.445	   0.782	      33
40.465	   0.758	      32
40.485	   0.403	      17
40.505	   0.616	      26
40.525	   0.308	      13
40.545	   0.640	      27
40.565	   0.711	      30
40.585	   0.616	      26
40.605	   0.474	      20
40.625	   0.521	      22
40.645	   0.616	      26
40.665	   0.735	      31
40.685	   0.664	      28
40.705	   0.521	      22
40.725	   0.758	      32
40.745	   0.474	      20
40.765	   0.427	      18
40.785	   0.853	      36
40.805	   0.616	      26
40.825	   0.427	      18
40.845	   0.640	      27
40.865	   0.593	      25
40.885	   0.545	      23
40.905	   0.450	      19
40.925	   0.379	      16
40.945	   0.474	      20
